F1M2K4	-2.470	-4.093	3.598
O00141	-0.492	8.371	-4.571
O00238	-12.965	-1.470	-1.746
O00311	-6.032	3.298	9.206
O00329	-16.265	17.553	-2.216
O00418	18.933	-6.694	-11.295
O00443	-12.791	-9.846	-18.049
O00444	-8.496	13.277	9.779
O00506	1.276	-4.920	7.195
O08605	9.097	9.005	2.195
O08678	-5.292	13.369	1.040
O08679	-13.614	9.008	-6.341
O08911	9.728	-0.034	-0.638
O14578	24.047	-7.196	-24.388
O14730	-1.040	1.685	1.888
O14733	15.981	14.424	-3.667
O14757	-9.610	-8.722	0.169
O14874	3.105	-5.102	-10.140
O14920	22.982	6.574	-19.993
O14965	-3.194	4.776	6.709
O15111	20.616	-6.060	-27.647
O15264	3.653	-1.932	-4.247
O15530	-9.212	-9.136	6.955
O43283	-13.835	10.285	2.193
O43293	3.843	-6.037	-1.336
O43318	-12.981	-2.872	1.363
O43353	9.551	1.723	-7.302
O43683	1.191	2.353	-3.272
O60307	0.056	-6.117	3.699
O60674	6.944	4.093	-12.990
O70293	-5.649	12.810	12.913
O75116	-4.640	-9.224	2.854
O75385	1.237	-0.908	-0.667
O75460	-13.899	-3.130	4.944
O75582	-17.414	-3.423	12.829
O75676	12.069	-6.301	-13.818
O75716	-4.448	-3.164	-10.663
O75914	-2.566	1.792	-9.984
O76039	-3.438	-2.300	8.713
O88643	-12.027	-0.614	2.258
O94804	-15.799	-13.818	2.690
O94806	-1.114	-0.826	-4.428
O94921	-3.127	-7.392	-10.228
O95382	12.915	1.974	-16.727
O95747	2.508	4.528	-2.854
O95819	-20.653	-9.958	-1.074
O95835	-1.087	-2.351	4.363
O96013	-31.951	-12.357	-12.404
O96017	-9.228	-8.900	-4.172
P00516	4.224	12.299	-8.245
P00517	1.354	-2.693	9.862
P00518	-9.021	3.731	9.373
P00519	6.376	13.627	-14.062
P00520	4.647	15.224	-14.023
P00523	12.299	5.233	-7.242
P00533	-15.931	37.383	10.928
P00536	1.524	-4.174	-5.181
P00540	-11.770	1.653	-1.281
P00558	10.300	-5.228	-0.221
P04049	-9.813	-5.557	9.175
P04409	16.488	13.604	-11.485
P04626	32.195	-16.093	-1.991
P04629	4.694	-4.462	-9.098
P05129	-15.804	-3.951	3.321
P05132	-9.220	0.484	-0.705
P05622	-9.155	-18.327	6.545
P05696	17.695	13.352	-10.763
P05771	-18.052	-15.052	11.955
P06213	-7.136	-14.624	-4.436
P06239	19.427	-2.980	0.872
P06240	9.499	11.553	-9.959
P06241	11.423	-4.022	-8.330
P06493	9.845	3.652	2.285
P07332	-23.969	5.988	-15.763
P07947	-3.432	5.535	-20.020
P07948	-2.623	6.065	-21.220
P07949	8.034	19.375	0.048
P08069	-20.851	20.106	-22.071
P08103	-13.951	-5.154	-18.284
P08581	-9.568	3.274	24.084
P08631	-2.219	2.496	-21.677
P09215	-8.302	-2.913	-2.008
P09216	4.987	4.371	4.751
P09619	-4.428	-5.320	13.567
P09769	7.481	11.883	-11.640
P0C605	12.048	-7.550	-3.676
P10398	-15.249	-4.876	4.081
P10721	-22.984	-20.146	4.837
P11021	-25.752	15.602	21.741
P11309	-7.507	9.172	-14.297
P11362	-2.369	-8.826	8.201
P11440	-3.352	-6.820	7.832
P11799	-10.601	-15.882	14.674
P11802	-2.832	-5.823	-10.230
P12931	11.857	-1.897	-8.286
P13234	-16.782	6.230	3.304
P14618	-6.343	4.225	12.914
P15056	-7.673	2.006	3.605
P15127	-3.273	23.210	5.664
P16054	-5.989	-6.285	-2.492
P16092	2.693	-2.509	7.266
P16234	-11.456	-13.564	11.438
P16591	-7.092	11.893	14.520
P17252	17.374	13.401	-11.132
P17612	0.993	-3.582	9.117
P18265	5.928	-2.908	-3.916
P18266	4.069	-6.068	-2.534
P18653	19.960	6.753	-17.321
P18654	-13.888	7.129	18.090
P19525	1.730	-1.244	-5.410
P20444	16.055	13.111	-11.420
P20794	7.613	3.036	-1.604
P21127	3.329	9.459	-0.861
P21146	-6.802	2.255	-24.364
P21708	10.041	4.386	0.438
P21709	6.078	-4.319	-37.836
P21802	4.117	7.413	8.026
P21980	15.710	-13.650	-19.661
P22455	-18.569	5.394	-4.617
P22607	-22.946	3.903	-2.621
P22694	-4.386	-6.051	5.014
P23443	4.252	4.922	9.213
P24723	2.494	4.528	-5.247
P24941	-3.611	1.393	12.607
P25098	21.617	-3.808	-1.953
P25911	1.235	14.617	-15.828
P26794	-9.721	9.797	5.936
P27361	10.566	2.256	0.813
P27448	-0.737	10.879	4.264
P27791	-2.654	-6.246	5.181
P28482	9.545	-1.914	0.774
P28867	-1.571	-2.532	5.208
P29317	31.839	12.399	-42.259
P29322	12.202	10.784	-13.955
P29323	13.433	-6.254	-17.580
P29376	-24.824	17.921	22.719
P29597	17.729	1.638	-22.629
P29678	-0.517	14.812	0.243
P30285	-4.859	-3.710	-11.963
P30291	5.461	-2.690	-5.868
P30530	-21.412	0.330	8.453
P31152	1.910	8.639	-5.576
P31749	-0.299	-4.058	8.691
P31750	-7.721	10.713	-6.052
P31751	-10.337	-1.804	-1.401
P32298	0.033	9.799	15.764
P33981	-8.305	1.007	3.764
P34152	7.762	16.879	-17.002
P34947	-14.812	-10.559	7.918
P35465	-7.074	-0.685	-8.734
P35546	-13.599	17.965	-21.824
P35626	11.528	-7.982	-16.559
P35916	7.566	-4.190	-42.699
P35968	-1.480	-3.708	-19.749
P36507	-7.300	-1.720	-12.037
P36887	-1.344	-5.785	7.369
P36888	12.453	10.546	-25.205
P36896	1.301	-2.186	-3.531
P36897	3.207	-0.130	-3.926
P37023	1.664	2.920	11.960
P37173	-3.178	10.702	-3.986
P39688	5.893	-8.751	-12.261
P41240	1.831	-8.389	-8.857
P41241	0.990	-7.507	-10.039
P41279	-7.862	7.500	-0.328
P41743	-11.353	1.651	-1.199
P42336	-1.473	-16.236	11.889
P42338	-13.009	14.796	9.012
P42345	16.204	0.475	-40.777
P42346	20.390	-2.221	-37.490
P42679	10.492	-5.636	0.264
P42680	5.352	15.579	-7.402
P42681	-18.278	-7.931	-10.762
P42684	6.376	14.782	-11.502
P42685	4.691	12.776	-15.283
P43249	-11.241	-8.494	11.685
P43250	-8.806	13.664	10.462
P43403	-20.774	3.759	-24.171
P43405	-19.201	-1.811	17.903
P45983	-3.656	-4.902	31.244
P45984	2.562	-0.173	9.651
P45985	5.432	24.863	-11.212
P46734	-4.034	23.877	-17.684
P47196	0.449	-2.445	9.678
P47811	3.520	-2.852	-4.536
P48729	-9.575	-7.090	0.379
P48730	5.618	-3.618	-1.608
P48736	14.403	21.160	-2.037
P49137	5.402	0.256	-4.157
P49138	3.838	-3.291	-7.356
P49185	-3.158	2.841	31.845
P49186	-3.282	5.943	32.116
P49336	-2.503	3.183	8.356
P49615	-2.545	10.920	8.229
P49674	5.546	-4.366	-2.061
P49840	-0.496	-5.578	8.177
P49841	3.639	-6.862	-3.528
P50613	11.944	-6.906	-0.340
P50750	3.387	-5.643	-7.340
P51451	-5.118	6.943	-20.295
P51617	-0.335	-2.626	-8.165
P51812	11.419	14.482	-11.408
P51813	-10.379	10.179	-5.267
P51817	0.225	-3.008	8.751
P51955	-14.521	4.223	0.146
P51956	1.376	-0.300	-9.548
P52333	8.162	6.702	-8.686
P52564	4.602	23.115	-14.993
P53350	-13.558	6.208	2.609
P53351	-1.953	3.989	1.927
P53671	-3.666	2.208	-6.441
P53778	-2.272	-3.140	-10.423
P53779	-10.925	19.067	27.481
P54645	10.935	4.729	-1.696
P54646	5.448	1.447	14.066
P54753	11.396	12.912	-20.933
P54756	-18.367	9.438	22.259
P54762	0.238	14.349	15.421
P54764	-20.090	8.060	13.340
P57058	0.707	10.672	2.107
P57059	-13.564	11.614	-4.171
P63085	10.266	-0.331	-0.104
P63086	9.833	-1.236	-0.506
P67999	9.542	-3.230	0.753
P68403	-17.761	-14.892	12.607
P68404	-17.479	-14.998	11.830
P70032	-7.425	7.608	5.914
P70336	-7.238	-8.320	-2.416
P70451	-9.235	11.286	12.966
P70600	-12.829	-16.626	12.349
P78362	-8.085	9.614	4.065
P78368	6.559	8.093	-1.105
P97343	-0.592	-7.654	-13.217
P97377	-4.390	1.080	9.662
P97477	-6.566	8.346	4.626
P97523	-11.522	13.724	18.119
P97633	-9.430	-7.152	0.931
Q00526	-11.313	2.847	-1.739
Q00534	-0.483	-5.209	-9.049
Q00535	-2.908	10.916	8.020
Q00536	-14.635	11.081	-2.195
Q00972	12.291	-3.707	-4.838
Q01279	-29.076	20.267	-28.881
Q01813	4.717	4.755	20.122
Q02111	-7.407	-1.056	-2.236
Q02156	-6.496	7.631	4.632
Q02399	-2.131	10.527	8.772
Q02750	-4.398	12.093	-5.149
Q02763	13.003	9.184	-6.848
Q02779	-13.896	3.296	-1.613
Q02956	-0.074	-3.766	5.755
Q03114	-2.738	10.854	8.273
Q04759	-10.272	-1.062	-3.990
Q04912	-35.670	-10.473	23.062
Q05397	-18.075	0.761	6.816
Q05513	-11.140	4.181	-0.086
Q05655	-5.023	2.523	-3.322
Q06418	-18.471	-6.279	12.775
Q07002	-2.960	10.114	8.820
Q07014	-2.041	12.112	-18.539
Q07832	-14.233	6.118	2.173
Q07912	5.553	-1.745	-5.933
Q08345	5.310	13.423	-22.900
Q08881	20.326	14.803	-7.001
Q09013	-6.944	-5.024	-4.877
Q09137	-12.506	-9.736	-44.962
Q12851	-25.018	-7.918	6.234
Q12852	-3.964	7.298	8.009
Q12866	-21.535	-2.007	9.521
Q13043	0.748	-3.557	3.480
Q13131	10.729	6.027	-1.891
Q13153	-4.016	3.748	-10.903
Q13163	-21.110	-8.724	-5.757
Q13164	-8.842	1.871	-13.672
Q13177	-3.796	1.049	-9.767
Q13188	-8.182	7.829	-0.437
Q13233	-13.631	-1.882	7.253
Q13237	9.103	10.343	-7.963
Q13418	-1.853	6.792	-20.903
Q13464	-8.689	-2.353	3.881
Q13535	49.186	1.072	-14.791
Q13546	7.278	2.077	-7.972
Q13627	-4.251	-3.736	9.092
Q13882	10.397	12.947	-5.710
Q13976	-3.204	9.584	-15.273
Q14004	-4.233	9.822	-8.297
Q14012	5.345	9.873	-7.752
Q14164	17.628	6.489	-27.311
Q14289	8.140	20.426	-7.502
Q14680	9.500	-0.679	6.653
Q15118	0.050	-4.531	-12.242
Q15119	-3.208	-2.497	-14.574
Q15120	0.392	-5.663	-11.622
Q15131	9.672	2.064	1.310
Q15208	-8.931	8.096	-7.788
Q15303	-17.892	-31.626	-15.934
Q15349	13.469	10.842	-14.239
Q15375	1.170	11.145	16.198
Q15418	-10.547	3.232	18.398
Q15569	-14.883	7.230	-0.151
Q15746	5.846	15.973	-24.710
Q15759	7.839	7.230	-0.350
Q15835	16.963	5.510	-4.933
Q16288	-10.186	8.191	-12.187
Q16512	-7.203	-2.473	10.457
Q16513	-18.567	5.541	3.653
Q16539	11.282	4.925	0.345
Q16566	-17.841	4.635	2.182
Q16584	-12.805	5.272	-3.764
Q16620	4.783	-2.576	-11.864
Q16654	-2.030	-4.404	-13.699
Q16659	4.517	-2.943	-9.210
Q2M2I8	1.286	8.860	-5.613
Q32MK0	-14.252	1.526	-0.345
Q38SD2	12.313	8.825	-0.419
Q3MIX3	-5.588	-0.135	3.773
Q3ULB5	18.102	-26.667	-0.158
Q4JIM5	4.750	13.336	-15.579
Q504Y2	0.456	9.117	-11.008
Q59H18	-1.685	18.171	-2.885
Q5EG47	10.902	3.681	-1.960
Q5MJS3	19.946	-9.244	-4.211
Q5S007	-7.201	9.474	-17.746
Q5TCX8	-5.015	14.973	-10.871
Q5TCY1	-16.188	-3.243	-0.461
Q5VT25	16.677	2.603	-27.242
Q60806	-1.981	-2.091	0.979
Q60823	-8.912	3.706	4.749
Q61084	4.640	-11.849	2.137
Q61271	0.257	-2.275	-6.398
Q61410	6.149	10.882	-8.334
Q61831	-11.921	19.469	27.790
Q61846	7.564	-5.240	4.826
Q62073	-14.139	-1.726	1.761
Q62074	-12.373	-0.081	-2.387
Q62829	-3.384	3.123	-10.163
Q63450	5.198	9.301	-8.217
Q63531	-1.501	8.320	-22.379
Q63538	-4.211	-1.310	-11.454
Q63572	-10.321	9.076	3.057
Q63844	10.079	4.325	0.330
Q64303	-3.200	-0.564	-9.023
Q64434	6.667	14.399	-10.338
Q6IQ55	-3.900	-1.219	10.682
Q6J9G0	-17.374	-13.624	-1.827
Q6P2M8	11.928	-3.562	-2.180
Q6P3R8	10.408	3.931	-0.494
Q6P5Z2	-10.546	-7.100	7.198
Q6P6U0	-1.618	-4.711	-19.062
Q6PHR2	7.234	3.260	-22.184
Q6SA08	7.718	9.884	-4.510
Q6VAB6	-11.653	4.535	-14.117
Q7KZI7	-12.840	10.437	-5.379
Q7L7X3	8.173	7.737	-2.432
Q80X41	0.434	14.587	-6.106
Q80YE7	10.438	12.838	-37.037
Q86UE8	-3.762	-4.696	-10.214
Q86V86	0.917	2.096	-14.538
Q86Y07	2.058	-8.586	-7.975
Q8BFP9	0.306	-4.800	-12.270
Q8BRK8	-15.487	-5.039	-45.825
Q8BSK8	9.997	-2.816	1.133
Q8CFH6	30.341	12.080	37.855
Q8IV63	9.840	-4.654	13.059
Q8IVH8	17.530	11.818	-28.553
Q8IVT5	1.626	-6.177	-8.762
Q8IWQ3	-10.511	10.780	-0.835
Q8IWU2	5.977	-1.541	-5.923
Q8IXL6	18.490	5.492	-2.411
Q8IYT8	-5.018	4.062	5.958
Q8IZL9	4.092	4.355	10.111
Q8N4C8	-21.406	7.093	1.240
Q8N5S9	-12.011	9.969	2.841
Q8N752	1.597	-6.485	2.305
Q8NEV4	-7.324	5.637	11.397
Q8NG66	-5.694	2.597	8.701
Q8TAS1	14.962	6.137	4.264
Q8TD08	-7.271	-0.562	-14.781
Q8TD19	-14.029	-14.692	21.315
Q8TDC3	-9.725	10.502	0.051
Q8TDX7	5.123	-1.226	-3.187
Q8WTQ7	-3.013	-5.568	-17.599
Q91VJ4	-4.236	10.996	-3.152
Q91Y86	-2.415	2.013	31.936
Q92772	-1.476	-4.766	4.451
Q92918	-5.586	0.948	11.891
Q96BR1	-5.775	2.428	-2.465
Q96GD4	12.419	1.939	0.289
Q96GX5	-9.450	4.668	-14.472
Q96J92	-9.369	-8.124	-7.952
Q96KB5	22.010	7.069	8.160
Q96L34	-7.372	13.832	-0.555
Q96NX5	-1.489	-4.422	13.321
Q96Q40	2.581	7.947	9.579
Q96QP1	-0.278	-16.907	-23.947
Q96QT4	28.165	-18.908	37.772
Q96RG2	-12.060	-0.360	-3.968
Q96RR4	-6.128	10.431	-9.242
Q96S44	0.781	10.960	-1.109
Q96SB4	-4.313	-3.470	-12.566
Q99558	2.736	13.681	-0.262
Q99640	4.150	5.535	-0.093
Q99683	18.503	3.017	-20.749
Q99759	4.097	-0.348	-0.292
Q99986	7.556	8.576	-1.681
Q99MQ3	7.928	0.187	-7.169
Q99N57	1.681	-3.738	-13.959
Q9BQI3	-8.701	-10.934	10.478
Q9BUB5	-0.888	-10.587	5.859
Q9BWU1	-4.203	-3.353	-10.136
Q9BX84	-14.145	-57.115	-7.332
Q9BXM7	5.504	-2.660	-13.626
Q9BYP7	-12.485	-6.776	-10.003
Q9BYT3	-12.002	8.247	5.879
Q9H0K1	19.583	-39.442	23.341
Q9H1R3	-8.817	-4.935	4.111
Q9H2G2	10.676	8.396	-8.564
Q9H2K8	7.771	4.876	-0.603
Q9H3Y6	-10.882	3.790	-12.124
Q9H4A3	-7.310	9.886	-7.234
Q9H4B4	-7.013	0.245	-4.138
Q9HBH9	-4.942	7.567	8.280
Q9HBY8	-10.104	-5.944	-0.631
Q9HC98	3.740	5.712	-3.831
Q9HCP0	7.553	2.707	0.352
Q9JKK8	49.057	2.230	-13.163
Q9JLN9	16.655	-0.299	-40.908
Q9N0X0	-8.284	-6.471	5.586
Q9NQU5	6.957	15.246	-33.239
Q9NRM7	-0.306	7.028	7.179
Q9NSY1	-4.078	12.835	-2.256
Q9NWZ3	-5.286	1.827	-10.670
Q9NYL2	-11.216	8.135	0.828
Q9NYV4	-5.062	9.159	-9.095
Q9NYY3	-1.564	4.303	3.854
Q9NZJ5	4.496	0.032	-20.518
Q9P0L2	-14.502	7.413	-6.898
Q9P1W9	9.628	-3.050	0.329
Q9P286	24.300	-16.364	-3.472
Q9P289	-10.047	-6.095	-2.991
Q9P2K8	13.068	11.919	-49.505
Q9QY78	25.189	10.399	-21.816
Q9UBE8	-6.781	-4.480	-13.358
Q9UBS0	8.282	-5.669	-1.177
Q9UEE5	-8.406	4.063	-12.873
Q9UEW8	0.951	6.606	-1.780
Q9UF33	-21.863	9.467	13.468
Q9UGJ0	-8.299	3.629	-3.838
Q9UHD2	14.837	6.979	-26.513
Q9UIK4	6.643	4.185	-3.703
Q9UK32	11.243	13.788	-14.189
Q9UKE5	-8.978	5.453	15.500
Q9UKI8	-2.619	-5.671	-9.060
Q9UL54	-11.916	1.433	-18.224
Q9UM73	-2.283	7.026	-24.279
Q9UPZ9	7.052	3.747	-1.558
Q9UQ88	-1.307	11.382	0.548
Q9UQB9	-5.731	7.247	8.760
Q9WTU6	-3.951	5.345	32.301
Q9WUD9	12.263	-0.436	-8.176
Q9WUI1	2.021	7.935	-5.877
Q9WV60	4.366	-5.804	-2.699
Q9WVC6	-7.502	5.533	-4.873
Q9Y243	-0.905	-3.427	9.155
Q9Y2H1	6.190	8.265	2.582
Q9Y2I7	-41.167	-5.487	18.355
Q9Y2K2	-14.095	9.582	-5.032
Q9Y2U5	-13.644	5.747	-5.375
Q9Y3S1	-5.455	-4.324	-5.692
Q9Y4K4	2.584	-7.475	-16.977
Q9Y572	0.544	8.426	-6.050
Q9Y5S2	16.471	-2.074	-24.834
Q9Y6E0	2.933	0.435	7.407
Q9Y6M4	3.861	11.533	-4.033
Q9Y6R4	15.367	-5.120	1.812
Q9Z1B7	5.150	4.085	-2.261
Q9Z2A0	-7.127	-5.177	10.801
Q9Z2B5	18.331	-1.298	-8.602
